34419
34420
34423
34425
34426
34427
34433
34443
34444
34445
34452
34454
34455
34457
34458
34459
34462
34465
34466
34467
34469
34470
34473
34474
34481
34486
34487
34493
34494
34497
34498
34502
34521
34522
34549
34550
34552
34553
34554
34561
34562
34563
34564
34565
34566
34571
34572
34573
34574
34576
34577
34579
34580
34583
34598
34600
34603
34605
34608
34609
34610
34616
34621
34622
34625
34626
34628
34632
34635
34636
34639
34640
34642
34643
34646
34647
34649
34650
34656
34658
34660
34661
34669
34670
34672
34675
34678
34679
34685
34687
34688
34692
34695
34703
34711
34712
34718
34719
34723
34724
34726
34740
34742
34744
34745
34748
34754
34756
34761
34773
34775
34780
34781
34783
34785
34789
34790
34792
34796
34798
34800
34806
34808
34819
34821
34834
34835
34845
34846
34851
34853
34856
34862
34864
34866
34867
34869
34871
34877
34878
34880
34882
34883
34888
34890
34892
34893
34896
34898
34906
34907
34909
34912
34913
34915
34917
34919
34921
34927
34928
34930
34931
34933
34935
34937
34938
34941
34942
34944
34945
34947
34953
34955
34957
34959
34960
34961
34963
34964
34969
34971
34974
34976
35002
35003
35057
35060
35061
35063
35064
35068
35069
35071
35074
35153
35158
35159
35160
35161
35162
35163
35164
35166
35168
35170
35172
35173
35175
35176
35179
35180
35190
35193
35196
35198
35199
35200
35201
35202
35203
35236
35238
35240
35242
35243
35244
35246
35247
35248
35250
35253
35261
35264
35277
35285
35288
35289
35291
35292
35293
35294
35296
35300
35304
35306
35308
35309
35312
35314
35316
35318
35319
35321
35322
35325
35327
35330
35332
35333
35335
35336
35337
35339
35340
35342
35343
35346
35348
35349
35351
35353
35354
35355
35357
35359
35360
35362
35363
35368
35370
35372
35374
35375
35377
35470
35472
35473
35475
35476
35477
35479
35480
35483
35484
35485
35488
35490
35491
35493
35495
35496
35498
35501
35503
35504
35506
35511
35512
35513
35515
35517
35519
35520
35521
35523
35529
35530
35532
35534
35535
35539
35541
35543
35545
35548
35550
35551
35553
35555
35557
35559
35561
35562
35563
35565
35567
35569
35573
35575
35577
35580
35582
35584
35627
35630
35632
35635
35636
35639
35640
35651
35653
35656
35658
35659
35661
35662
35663
35665
35666
35668
35671
35674
35678
35681
35683
35685
35686
35689
35691
35696
35698
35700
35702
35706
35707
35709
35710
35712
35716
35717
35719
35721
35723
35724
35726
35728
35730
35732
35734
35735
35737
35740
35741
35743
35744
35746
35748
35750
35751
35753
35754
35756
35758
35777
35779
35781
35783
35785
35788
35790
35793
35795
35797
35798
35799
35800
35802
35838
35843
35846
35849
35851
35852
35853
35855
35856
35858
35863
35864
35872
35873
35875
35876
35878
35880
35881
35884
35885
35886
35887
35890
35891
35892
35894
35896
35897
35899
35900
35901
35902
35904
35905
35906
35907
35908
35910
35911
35914
35916
35917
35919
35921
35923
35924
35926
35927
35929
35930
35932
35933
35936
35937
35939
35941
35942
35944
35948
35953
35954
35956
35958
35959
35962
35963
35964
35966
35968
35969
35971
35972
35975
35976
35979
35983
35984
35985
35987
35989
35992
35993
35996
35997
35999
36000
36002
36029
36070
36071
36072
36075
36076
36079
36088
36091
36093
36095
36097
36099
36101
36103
36104
36107
36108
36110
36112
36113
36119
36123
36124
36139
36149
36151
36153
36156
36157
36159
36160
36163
36165
36168
36176
36189
36198
36202
36209
36210
36215
36218
36220
36221
36223
36225
36227
36232
36234
36238
36244
36254
36255
36256
36258
36259
36260
36263
36264
36267
36268
36269
36271
36272
36273
36275
36276
36277
36279
36280
36281
36283
36284
36285
36288
36289
36291
36294
36297
36298
36300
36303
36305
36306
36309
36315
36352
36359
36360
36362
36364
36366
36367
36369
36371
36372
36373
36375
36380
36385
36386
36387
36389
36392
36394
36396
36399
36401
36403
36406
36409
36411
36413
36417
36418
36420
36422
36424
36426
36428
36430
36431
36434
36435
36436
36438
36439
36442
36443
36444
36446
36448
36450
36452
36453
36456
36458
36459
36461
36466
36467
36469
36471
36473
36475
36477
36478
36480
36481
36483
36484
36485
36488
36489
36491
36492
36494
36495
36497
36498
36500
36501
36502
36505
36506
36507
36509
36511
36512
36514
36516
36517
36519
36532
36534
36543
36548
36549
36551
36552
36555
36556
36570
36572
36576
36577
36582
36587
36590
36592
36593
36594
36596
36598
36599
36603
36605
36623
36624
36724
36725
36734
36736
36738
36740
36742
36745
36747
36749
36750
36752
36755
36759
36761
36763
36772
36775
36776
36783
36785
36786
36789
36791
36808
36809
36813
36814
36817
36818
36825
36826
36832
36835
36836
36837
36838
36840
36850
36853
36858
36860
36862
36865
36867
36869
36870
36872
36874
36877
36879
36881
36883
36885
36887
36889
36892
36893
36895
36897
36898
36900
36901
36903
36904
36906
36907
36908
36911
36915
36918
36922
36923
36925
36926
36927
36929
36930
36932
36934
36935
36938
36939
36940
36942
36943
36948
36950
36951
36953
36956
36957
36960
36963
36964
36966
36970
36973
36978
37018
37019
37024
37025
37028
37029
37031
37035
37037
37044
37045
37047
37049
37051
37055
37057
37064
37065
37072
37073
37075
37076
37078
37081
37082
37084
37085
37091
37093
37095
37096
37099
37103
37104
37108
37109
37111
37115
37121
37123
37125
37128
37130
37132
37134
37137
37139
37141
37142
37144
37146
37147
37149
37150
37155
37159
37161
37163
37165
37167
37169
37176
37211
37218
37230
37231
37234
37236
37238
37241
37242
37248
37249
37251
37257
37259
37261
37263
37266
37268
37271
37280
37281
37284
37285
37287
37291
37292
37296
37301
37305
37308
37309
37314
37316
37317
37319
37320
37321
37327
37330
37331
37332
37334
37335
37337
37339
37340
37344
37346
37348
37349
37350
37352
37353
37389
37391
37393
37395
37397
37399
37404
37407
37409
37412
37415
37417
37423
37424
37434
37436
37437
37439
37442
37443
37448
37454
37455
37458
37459
37461
37463
37466
37470
37473
37474
37591
37592
37593
37595
37599
37601
37603
37605
37607
37608
37614
37615
37616
37618
37619
37620
37622
37623
37625
37626
37628
37630
37631
37632
37635
37637
37638
37639
37642
37643
37644
37651
37655
37656
37658
37662
37664
37668
37670
37672
37673
37675
37678
37679
37682
37685
37687
37688
37689
37701
37712
37714
37716
37719
37720
37722
37723
37731
37732
37733
37735
37738
37739
37741
37744
37746
37751
37752
37753
37755
37757
37759
37761
37763
37765
37767
37768
37771
37772
37774
37776
37777
37779
37780
37782
37783
37785
37788
37789
37791
37871
37873
37874
37876
37878
37879
37915
37929
37988
37990
37992
37993
37994
37997
37999
38002
38004
38007
38009
38011
38045
38052
38054
38056
38058
38060
38063
38065
38067
38070
38072
38074
38075
38076
38078
38080
38082
38084
38086
38088
38090
38093
38095
38099
38100
38102
38104
38106
38108
38110
38112
38113
38115
38118
38119
38122
38123
38125
38126
38128
38129
38133
38152
38153
38155
38156
38157
38158
38159
38161
38163
38168
38170
38172
38175
38176
38177
38179
38180
38185
38188
38190
38193
38195
38196
38197
38200
38202
38204
38205
38207
38208
38211
38213
38215
38216
38218
38223
38225
38227
38228
38230
