54253
54260
54261
54263
54265
54266
54269
54272
54277
54283
54284
54289
54290
54297
54298
54311
54315
54320
54323
54326
54328
54330
54331
54333
54334
54336
54339
54341
54342
54344
54345
54347
54348
54350
54351
54365
54366
54370
54371
54374
54376
54378
54379
54381
54382
54384
54385
54387
54388
54391
54393
54394
54397
54399
54401
54403
54408
54410
54412
54415
54417
54418
54420
54421
54428
54429
54431
54434
54436
54437
54439
54441
54443
54445
54447
54449
54451
54453
54456
54457
54459
54461
54465
54475
54478
54483
54485
54486
54488
54491
54495
54497
54498
54504
54508
54510
54514
54519
54521
54523
54525
54527
54529
54536
54546
54573
54575
54576
54578
54580
54582
54584
54588
54606
54610
54614
54616
54618
54619
54621
54623
54624
54627
54629
54630
54632
54635
54637
54638
54640
54644
54648
54653
54658
54673
54680
54683
54686
54692
54693
54695
54698
54702
54703
54707
54708
54710
54712
54714
54715
54717
54719
54720
54722
54724
54727
54729
54730
54732
54733
54738
54742
54744
54745
54747
54749
54751
54752
54754
54756
54758
54760
54763
54767
54769
54774
54778
54779
54781
54783
54785
54786
54788
54791
54793
54795
54796
54798
54799
54802
54804
54807
54811
54812
54814
54818
54822
54824
54826
54827
54831
54832
54834
54837
54838
54840
54842
54844
54846
54848
54849
54850
54857
54860
54868
54869
54871
54872
54874
54876
54879
54881
54885
54889
54890
54893
54895
54897
54900
54902
54905
54906
54908
54910
54914
54916
54917
54919
54921
54922
54924
54925
54927
54929
54931
54933
54935
54937
54938
54942
54943
54945
54947
54950
54952
54953
54967
54969
54971
54972
54974
54975
54978
54980
54982
55001
55004
55006
55008
55010
55012
55014
55016
55020
55021
55024
55028
55032
55035
55037
55038
55040
55042
55047
55048
55054
55055
55061
55062
55069
55073
55076
55078
55083
55086
55090
55093
55095
55099
55101
55103
55108
55110
55114
55115
55124
55126
55142
55146
55147
55149
55152
55154
55157
55173
55176
55177
55182
55183
55193
55195
55197
55199
55201
55203
55207
55208
55210
55212
55213
55217
55219
55221
55224
55226
55228
55232
55235
55237
55240
55251
55253
55259
55315
55316
55319
55321
55323
55325
55326
55328
55330
55332
55335
55337
55360
55648
55649
55651
55653
55655
55666
55668
55670
55672
55674
55676
55683
55685
55687
55689
55731
55733
55734
55736
55737
55743
55744
55746
55751
55753
55754
55757
55759
55760
55762
55763
55765
55810
55812
55813
55815
55817
55818
55820
55821
55823
55826
55827
55830
55832
55843
55844
55846
55847
55848
55849
55850
55851
55852
55854
55855
55856
55857
55858
55859
55863
55868
55870
55871
55877
55879
55881
55886
55888
55890
55894
55896
55898
55900
55906
55908
55920
55923
55925
55927
55929
55931
55933
55935
55936
55943
55945
55947
55948
55950
55951
55955
55957
55972
56010
56058
56063
56065
56067
56069
56071
56073
56075
56079
56081
56083
56087
56089
56091
56093
56095
56097
56099
56101
56105
56107
56109
56111
56113
56116
56118
56123
56125
56127
56129
56131
56132
56134
56135
56157
56165
56179
56186
56213
56220
56228
56242
56250
56264
56271
56277
56284
56291
56297
56304
56312
56326
56347
56350
56353
56356
56358
56368
56372
56429
56431
56433
56436
56437
56438
56440
56444
56446
56447
56449
56516
56517
56555
56556
56558
56559
56561
56562
56564
56565
56567
56568
56570
56571
56573
56574
56575
56577
56578
56579
56581
56582
56588
56589
56591
56592
56594
56596
56597
56599
56600
56602
56604
56605
56606
56608
56609
56610
56612
56613
56615
56616
56632
56642
56670
56672
56674
56675
56677
56679
56680
56682
56683
56685
56686
56688
56689
56690
56692
56694
56697
56699
56700
56703
56706
56708
56710
56711
56713
56715
56716
56718
56719
56721
56722
56725
56727
56728
56730
56732
56734
56736
56739
56742
56743
56745
56749
56751
56752
56754
56755
56756
56758
56760
56761
56763
56794
56796
56797
56798
56800
56802
56805
56807
56828
56829
56831
56832
56834
56836
56837
56839
56841
56842
56844
56845
56853
56854
56855
57052
57053
57056
57057
57059
57060
57067
57101
57110
57119
57123
57127
57130
57132
57134
57136
57138
57139
57141
57143
57212
57221
57235
57240
57242
57244
57246
57249
57250
57252
57256
57258
57260
57266
57268
57269
57274
57275
57276
57278
57282
57284
57285
57287
57289
57291
57293
57295
57297
57299
57302
57304
57306
57310
57311
57313
57314
57316
57317
57319
57320
57323
57324
57326
57327
57331
57332
57334
57335
57338
57339
57341
57342
57344
57346
57348
57352
57354
57356
57358
57362
57370
57372
57374
57376
57378
57380
57382
57384
57386
57389
57391
57394
57396
57398
57400
57402
57403
57408
57410
57411
57413
57415
57417
57419
57420
57422
57426
57427
57429
57431
57433
57435
57436
57438
57446
57447
57449
57451
57452
57454
57461
57462
57464
57466
57468
57470
57474
57476
57478
57480
57484
57486
57488
57489
57491
57493
57500
57502
57506
57509
57511
57519
57520
57522
57524
57526
57542
57547
57549
57551
57553
57557
57560
57564
57567
57576
57580
57584
57587
57588
57590
57592
57594
57595
57598
57599
57614
57615
57617
57619
57629
57633
57635
57641
57642
57644
57646
57648
57650
57652
57654
57658
57660
57671
57676
57679
57681
57682
57684
57686
57687
57689
57690
57692
57694
57695
57698
57700
57703
57705
57706
57708
57710
57715
57717
57720
57722
57728
57729
57733
57734
57766
57767
57769
57771
57774
57777
57779
57784
57786
57792
57795
57797
57799
57801
57803
57805
57809
57811
57813
57815
57817
57818
57820
57822
57824
57826
57829
57831
57833
57835
57839
57841
57846
57848
57849
57851
57855
57857
57859
57863
57865
57866
57873
57875
57877
57879
57881
57883
57885
57889
57891
57899
57901
57905
57907
57909
57913
57914
57916
57920
57922
57924
57926
57930
57932
57933
57935
57937
57957
58024
58030
58032
58034
58035
58038
58039
58041
58043
58045
58047
58049
58050
58052
58053
58054
58057
58058
58061
58063
58065
58071
58074
58077
58078
58080
58081
58083
58084
58086
58087
58088
58090
58091
58093
58094
58095
58097
58099
58101
58102
58108
58110
58112
58114
58117
58123
58130
58131
58132
58134
58136
58138
58140
58142
58143
58145
58150
58152
58154
58156
58163
58166
58168
58172
58174
58176
58178
58180
58182
58184
58185
58187
58189
58191
58193
58197
58199
58202
58206
58210
58214
58216
58218
58220
58221
58223
58227
58229
58231
58233
58237
58239
58240
58242
58244
58245
58249
58251
58252
58254
58256
58258
58260
58262
58265
58269
58271
58273
58275
58277
58280
58282
58283
58288
58290
58292
58294
58297
58299
58300
58302
58304
58305
58308
58309
58310
58312
58314
58315
58317
58318
58319
58321
58322
58324
58325
58327
58329
58331
58334
58363
58365
58366
58368
58370
58372
58376
58378
58379
58381
58383
58385
58387
58389
58391
58393
58395
58397
58399
58401
58403
58405
58407
58409
58411
58413
58415
58420
58422
58424
58426
58428
58430
58432
58434
58436
58438
58440
58441
58449
58451
58453
58455
58457
58458
58460
58462
58464
58466
58469
58472
58474
58476
58478
58480
58483
58485
58487
58488
58490
58491
58493
58495
58496
58498
58500
58502
58506
58508
58510
58513
58515
58517
58519
58521
58522
58524
58525
58527
58528
58529
58531
58532
58534
58536
58538
58540
58542
58545
58547
58549
58550
58552
58554
58555
58556
58558
58560
58562
58566
58568
58570
58572
58573
58575
58577
58583
58585
58586
58588
58590
58595
58596
58598
58599
58601
58602
58612
58616
58617
58619
58620
58622
58624
58625
58627
58629
58631
58633
58636
58638
58640
58642
58644
58646
58648
58650
58652
58654
58656
58660
58662
58663
58664
58666
58669
58670
58672
58674
58675
58677
58679
58681
58683
58686
58688
58690
58693
58695
58697
58699
58701
58702
58704
58706
58708
58710
58713
58715
58717
58721
58727
58729
58730
58732
58734
58736
58753
58759
58762
58766
58768
58770
58774
58775
58777
58778
58779
58781
58782
58784
58785
58787
58788
58792
58794
58795
58797
58799
58801
58802
58806
58808
58810
58812
58814
58815
58819
58821
58823
58825
58828
58830
58832
58833
58835
58837
58839
58847
58849
58854
58859
58881
58882
58883
58884
58885
58886
58887
58888
58890
58892
58894
58898
58900
58902
58904
58906
58908
58909
58911
58913
58915
58917
58919
58921
58923
58925
58927
58929
58931
58935
58937
58939
58940
58942
58944
58946
58948
58950
58952
58958
58960
58962
58964
58966
58967
58969
58971
58973
58975
58977
58980
58982
58984
58986
58988
58990
58992
59007
59012
59014
59016
59018
59020
59022
59028
59029
59032
59034
59036
59038
59040
59042
59044
59046
59048
59051
59053
59057
59059
59061
59064
59065
59067
59069
59071
59073
59075
59077
59079
59080
59082
59084
59086
59088
59090
59092
59094
59097
59103
59105
59107
59110
59112
59114
59116
59118
59119
59121
59124
59125
59127
59129
59131
59132
59134
59136
59139
59141
59143
59145
59146
59148
59150
59152
59153
59155
59157
59159
59163
59165
59166
59168
59170
59172
59174
59176
59179
59180
59182
59184
59188
59190
59192
59194
59196
59198
59200
59202
59203
59205
59207
59209
59211
59213
59215
59217
59218
59220
59222
59224
59226
59232
59234
59236
59238
59240
59242
59243
59245
59247
59249
59251
59253
59255
59256
59258
59260
59262
59266
59269
59271
59273
59275
59277
59279
59282
59284
59286
59287
59289
59291
59293
59295
59299
59301
59302
59313
59316
59318
59320
59322
59323
59325
59327
59330
59332
59334
59338
59341
59342
59344
59346
59348
59354
59356
59359
59361
59362
59370
59372
59382
59384
59386
59388
59390
59417
59419
59421
59423
59425
59428
59430
59432
59435
59437
59439
59441
59443
59448
59450
59451
59453
59460
59462
59464
59466
59469
59472
59474
59476
59477
59479
59481
59483
59485
59487
59489
59494
59496
59498
59500
59501
59503
59511
59512
59515
59517
59519
59521
59523
59525
59527
59529
59532
59536
59538
59542
59544
59546
59550
59552
59557
59559
59561
59563
59565
59567
59570
59572
59574
59578
59580
59583
59585
59587
59589
59592
59594
59596
59598
59600
59601
59603
59605
59607
59609
59611
59613
59615
59617
59619
59620
59622
59623
59625
59627
59629
59631
59633
59640
59642
59644
59646
59649
59651
59653
59654
59656
59658
59661
59663
59664
59668
59672
59677
59679
59682
59684
59688
59690
59692
59694
59696
59698
59699
59701
59702
59704
59705
59707
59709
59710
59712
59714
59716
59736
59738
59739
59741
59743
59745
59747
59749
59751
59753
59770
59782
59785
59787
59789
59793
59795
59797
59799
59802
59803
59810
59813
59816
59831
59832
59834
59836
59838
59842
59843
59845
59849
59851
59853
59855
59857
59860
59862
59864
59866
59868
59870
59872
59874
59876
59878
59880
59882
59884
59886
59888
59890
59892
59894
59896
59900
59906
59908
59912
59914
59918
59919
59921
59923
59924
59928
59931
59933
59941
59942
59944
59946
59947
59949
59953
59955
59957
59959
59962
59964
59965
59967
59969
59971
59972
59974
59976
59978
59981
59983
59985
59987
59990
59992
59994
59995
59996
59998
59999
60003
60005
60007
60011
60013
60014
60016
60018
60020
60022
60024
60026
60030
60031
60033
60035
60037
60039
60041
60043
60047
60049
60050
60052
60054
60056
60058
60060
60062
60068
60070
60073
60074
60076
60077
60079
60082
60084
60087
60093
60095
60097
60098
60100
60101
60103
60106
60108
60110
60112
60114
60116
60118
60120
60122
60124
60125
60129
60132
60133
60136
60139
60141
60142
60144
60146
60147
60149
60152
60159
60163
60166
60167
60168
60170
60172
60175
60177
60181
60183
60187
60189
60191
60193
60195
60201
60203
60205
60211
60213
60215
60216
60218
60220
60222
60224
60226
60228
60233
60235
60237
60240
60241
60244
60247
60248
60249
60251
60256
60257
60260
60262
60265
60269
60272
60274
60275
60281
60284
60286
60288
60290
60292
60298
60300
60302
60303
60316
60319
60322
60327
60329
60331
60339
60341
60347
60351
60361
60364
60369
60371
60373
60374
60378
60385
60387
60390
60393
60396
60398
60399
60403
60407
60409
60410
60414
60418
60420
60425
60426
60429
60431
60433
60435
60440
60446
60448
60451
60455
60456
60460
60461
60463
60469
60471
60478
60483
60484
60488
60490
60492
60494
60495
60497
60502
60508
60514
60516
60517
60520
60527
60536
60541
60544
60546
60548
60553
60556
60557
60559
60562
60564
60565
60567
60570
60571
60579
60582
60583
60585
60586
60587
60589
60592
60593
60594
60596
60599
60603
60606
60608
60610
60615
60617
60627
60631
60633
60635
60637
60639
60671
60673
60675
60677
60685
60686
60699
60701
60704
60706
60708
60709
60711
60712
60715
60720
60725
60727
60728
60730
60731
60733
60735
60738
60740
60741
60749
60751
60752
60754
60756
60758
60759
60761
60763
60766
60767
60771
60775
60779
60780
60782
60783
60785
60788
60789
60791
60792
60794
60796
60800
60801
60803
60805
60806
60808
60818
60823
60824
60827
60829
60831
60832
60837
60838
60840
60842
60843
60845
60847
60848
60850
60852
60853
60855
60856
60858
60859
60861
60862
60865
60867
60869
60870
60873
60875
60877
60878
60880
60881
60883
60884
60886
60888
60889
60891
60894
60896
60899
60901
60903
60905
60907
60909
60910
60912
60915
60916
60918
60919
60921
60922
60924
60925
60927
60928
60930
60932
60934
60936
60938
60941
60944
60949
60951
60953
60954
60956
60958
60959
60965
60967
60969
60970
60976
60977
60986
60989
60990
60992
60994
60995
60997
60999
61003
61005
61006
61008
61010
61011
61015
61017
61018
61020
61022
61027
61030
61032
61033
61035
61037
61038
61042
61043
61045
61047
61048
61050
61053
61055
61057
61058
61063
61065
61066
61069
61070
61072
61074
61075
61077
61080
61082
61083
61085
61087
61088
61090
61092
61093
61095
61100
61103
61104
61113
61114
61116
61118
61119
61121
61123
61126
61127
61129
61131
61133
61137
61139
61140
61142
61145
61147
61150
61151
61154
61155
61157
61158
61161
61165
61169
61171
61173
61176
61180
61182
61184
61186
61187
61189
61191
61193
61194
61196
61198
61201
61203
61206
61208
61210
61212
61214
61216
61218
61220
61223
61225
61226
61229
61231
61233
61235
61237
61239
61241
61251
61255
61257
61259
61261
61263
61265
61267
61273
61275
61277
61281
61286
61288
61292
61294
61298
61301
61303
61305
61307
61309
61313
61315
61320
61324
61326
61328
61330
61332
61333
61339
61341
61343
61345
61347
61349
61353
61355
61359
61361
61363
61365
61367
61373
61379
61383
61385
61390
61392
61395
61396
61398
61401
61408
61410
61413
61415
61419
61423
61424
61426
61438
61440
61441
61443
61447
61449
61450
61452
61457
61460
61466
61470
61471
61478
61481
61485
61486
61491
61497
61499
61504
61507
61524
61527
61529
61537
61542
61544
61546
61551
61555
61556
61560
61563
61565
61567
61569
61571
61576
61578
61581
61585
61586
61590
61595
61608
61611
61615
61617
61622
61625
61627
61629
61632
61644
61648
61649
61651
61653
61656
61662
61665
61667
61674
61675
61677
61682
61686
61687
61689
61693
61694
61698
61699
61701
61706
61712
61713
61716
61718
61719
61721
61723
61725
61727
61730
61738
61740
61742
61744
61746
61748
61752
61754
61756
61758
61760
61764
61766
61768
61772
61775
61781
61783
61785
61787
61789
61796
61798
61800
61801
61805
61808
61813
61814
61817
61819
61822
61824
61825
61828
61830
61840
61842
61843
61845
61850
61852
61858
61859
61861
61863
61864
61866
61868
61871
61874
61879
61884
61886
61887
61891
61892
61896
61898
61902
