68689
68692
68694
68696
68697
68701
68704
68706
68708
68710
68714
68716
68719
68721
68726
68728
68730
68734
68736
68738
68741
68743
68745
68747
68749
68751
68753
68756
68759
68761
68766
68768
68770
68772
68774
68776
68781
68783
68788
68794
68796
68798
68800
68802
68806
68807
68809
68811
68813
68815
68817
68822
68824
68826
68828
68832
68837
68841
68843
68845
68847
68848
68850
68852
68854
68856
68858
68860
68862
68864
68865
68867
68869
68871
68873
68875
68879
68881
68883
68887
68889
68891
68899
68903
68905
68907
68915
68917
68919
68921
68923
68925
68927
68929
68931
68933
68936
68938
68941
68943
68947
68951
68953
68955
68957
68959
68961
68963
68967
68971
68973
68975
68976
68978
69000
69002
69004
69006
69011
69014
69018
69020
69024
69026
69033
69035
69038
69040
69041
69047
69049
69052
69054
69059
69063
69065
69067
69072
69074
69076
69078
69080
69082
69084
69086
69088
69090
69092
69093
69095
69099
69101
69107
69109
69111
69112
69114
69116
69118
69120
69121
69124
69127
69129
69137
69139
69141
69146
69150
69157
69159
69161
69163
69165
69167
69171
69172
69175
69182
69185
69187
69189
69191
69195
69197
69201
69203
69205
69209
69211
69213
69215
69217
69219
69221
69223
69225
69227
69230
69232
69238
69240
69242
69244
69246
69248
69250
69252
69254
69256
69258
69260
69264
69267
69269
69271
69274
69276
69280
69282
69283
69288
69290
69293
69295
69297
69299
69303
69312
69314
69316
69320
69321
69323
69324
69326
69328
69330
69332
69334
69338
69340
69342
69344
69350
69352
69354
69356
69358
69360
69362
69366
69370
69374
69377
69379
69381
69383
69385
69387
69423
69425
69427
69430
69432
69434
69436
69437
69440
69442
69445
69453
69455
69457
69461
69466
69470
69472
69476
69480
69485
69487
69489
69491
69493
69495
69497
69503
69505
69506
69508
69510
69512
69516
69517
69519
69521
69523
69525
69527
69529
69531
69532
69534
69536
69538
69542
69544
69549
69550
69552
69554
69558
69559
69561
69563
69564
69566
69569
69571
69573
69579
69583
69584
69586
69588
69590
69592
69594
69596
69601
69603
69605
69609
69611
69614
69616
69633
69635
69637
69673
69676
69680
69683
69685
69687
69696
69698
69700
69739
70484
70492
70498
70503
70506
70515
70522
70528
70534
70540
70571
70576
70584
70595
70601
70607
70613
70619
70623
70629
70634
70642
70647
70652
70655
70659
70664
70670
70675
70679
70681
70685
70686
70690
70694
70698
70703
70705
70708
70711
70718
70719
70720
70723
70729
70734
70741
70745
70749
70753
70757
70760
70764
70766
70768
70773
70775
70778
70782
70783
70787
70794
70797
70803
70809
70811
70821
70835
70846
70848
70852
70857
70866
70870
70875
70877
70881
70885
70916
70919
70924
70929
70932
70937
70941
70944
70950
70953
70954
70958
70963
70971
70974
70976
70980
70986
70990
70996
71000
71005
71008
71011
71016
71018
71022
71026
71029
71034
71039
71043
71047
71052
71057
71062
71065
71067
71069
71070
71075
71079
71083
71086
71096
71102
71108
71116
71121
71128
71136
71141
71144
71156
71266
71272
71275
71278
71285
71298
71304
71309
71315
71325
71332
71335
71338
71340
71341
71343
71344
71348
71351
71358
71364
71370
71375
71379
71387
71390
71394
71397
71403
71407
71411
71415
71424
71429
71435
71438
71441
71442
71444
71450
71452
71459
71462
71466
71469
71473
71484
71486
71490
71491
71494
71504
71510
71512
71513
71517
71520
71523
71525
71528
71534
71539
71547
71555
71587
71592
71627
71641
71647
71654
71661
71666
71670
71674
71679
71683
71689
71698
71710
71717
71722
71728
71734
71741
71748
71760
71763
71769
71777
71786
71795
71803
71810
71821
71831
71836
71856
71858
71864
71873
71878
71889
71894
71904
71908
71914
71917
71924
71931
71939
71946
71953
71961
71966
71974
71985
71997
72004
72008
72013
72021
72035
72042
72049
72065
72072
72077
72084
72097
72098
72100
72105
72110
72116
72123
72124
72127
72131
72139
72150
72153
72157
72162
72165
72173
72177
72179
72192
72194
72201
72207
72214
72222
72227
72232
72237
72244
72250
72257
72263
72269
72274
72279
72286
72293
72299
72305
72311
72317
72322
72329
72335
72341
72354
72360
72367
72374
72380
72384
72391
72430
72435
72442
72447
72454
72460
72467
72475
72481
72488
72494
72502
72520
72528
72534
72541
72548
72552
72561
72563
72565
72579
72595
72601
72608
72611
72616
72624
72629
72634
72638
72644
72648
72653
72657
72662
72668
72672
72677
72681
72686
72691
72696
72701
72704
72710
72714
72719
72723
72727
72731
72736
72740
72743
72747
72751
72756
72760
72764
72767
72769
72772
72774
72780
72787
72794
72799
72805
72810
72814
72820
72827
72835
72848
72853
72857
72861
72867
72872
72877
72882
72891
72898
72903
72908
72913
72918
72924
72926
72931
72939
72943
72959
72963
72968
72972
72976
72979
72985
73002
73009
73014
73019
73023
73029
73040
73043
73048
73051
73056
73058
73064
73068
73070
73075
73079
73087
73091
73097
73104
73117
73123
73134
73138
73145
73150
73155
73159
73163
73167
73177
73182
73184
73189
73192
73195
73200
73202
73208
73212
73217
73221
73226
73257
73259
73264
73269
73272
73277
73281
73288
73296
73299
73306
73312
73315
73320
73323
73326
73333
73351
73357
73363
73373
73379
73384
73387
73391
73395
73400
73404
73409
73412
73415
73420
73424
73427
73433
73438
73443
73448
73453
73458
73472
73476
73480
73484
73488
73493
73499
73504
73516
73522
73529
73535
73546
73566
73571
73578
73585
73590
73596
73606
73611
73617
73622
73628
73633
73639
73644
73652
73660
73665
73669
73679
73681
73684
73691
73697
73708
73714
73733
73737
73749
73752
73785
73789
73795
73796
73801
73807
73815
73820
73825
73828
73835
73839
73844
73848
73853
73857
73860
73864
73866
73872
73875
73880
73896
73905
73912
73916
73920
73922
73926
73927
73933
73939
73943
73950
73958
73969
73974
73980
73990
73996
74000
74002
74012
74021
74028
74033
74039
74041
74058
74065
74069
74075
74079
74091
74094
74095
74103
74106
74110
74113
74116
74119
74122
74125
74127
74129
74131
74134
74140
74143
74152
74158
74162
74168
74173
74179
74187
74194
74202
74208
74215
74226
74240
74246
74251
74257
74261
74268
74279
74299
74303
74307
74314
74320
74326
74335
74341
