61906
61908
61909
61911
61913
61915
61917
61919
61920
61922
61924
61926
61928
61930
61931
61933
61935
61941
61943
61945
61947
61949
61951
61952
61958
61960
61962
61964
61966
61969
61971
61973
61975
61976
61978
61980
61982
61984
61986
61988
61989
61990
61992
61993
61996
61997
61999
62001
62002
62004
62006
62008
62011
62013
62015
62017
62019
62021
62022
62024
62026
62028
62030
62032
62033
62037
62039
62041
62043
62044
62046
62048
62050
62052
62054
62056
62057
62059
62061
62072
62074
62076
62078
62080
62081
62083
62085
62087
62089
62091
62093
62095
62096
62098
62100
62102
62104
62106
62108
62110
62112
62113
62115
62117
62119
62121
62123
62124
62127
62128
62130
62132
62134
62135
62137
62139
62140
62143
62145
62150
62152
62153
62155
62157
62159
62161
62163
62166
62168
62170
62172
62174
62176
62178
62180
62184
62187
62189
62191
62192
62230
62232
62234
62236
62238
62240
62241
62243
62245
62247
62249
62250
62252
62254
62256
62258
62260
62261
62263
62265
62267
62269
62270
62272
62274
62276
62277
62279
62281
62283
62285
62286
62288
62290
62291
62293
62295
62297
62298
62300
62302
62303
62305
62307
62309
62310
62312
62314
62315
62317
62319
62321
62322
62324
62326
62328
62329
62331
62334
62336
62338
62340
62342
62344
62345
62347
62351
62352
62354
62355
62357
62359
62369
62370
62372
62376
62378
62380
62382
62384
62386
62388
62390
62392
62394
62398
62400
62406
62408
62410
62412
62414
62416
62418
62420
62422
62424
62426
62429
62432
62434
62436
62438
62440
62442
62444
62446
62448
62450
62452
62454
62456
62458
62460
62462
62464
62466
62468
62475
62477
62479
62484
62486
62488
62489
62491
62498
62500
62502
62505
62506
62508
62509
62513
62515
62525
62527
62529
62531
62543
62545
62551
62559
62560
62565
62566
62570
62577
62579
62581
62585
62589
62596
62601
62602
62610
62612
62614
62616
62623
62625
62629
62631
62632
62634
62636
62638
62642
62644
62645
62647
62649
62651
62655
62657
62659
62661
62663
62668
62670
62672
62673
62675
62677
62679
62681
62683
62687
62689
62693
62695
62697
62699
62701
62703
62705
62707
62714
62716
62718
62722
62724
62730
62745
62747
62749
62751
62753
62755
62757
62759
62766
62773
62780
62782
62784
62786
62788
62791
62794
62796
62798
62800
62802
62804
62805
62807
62812
62815
62817
62819
62822
62824
62826
62827
62829
62831
62832
62836
62838
62839
62841
62843
62844
62846
62849
62857
62859
62862
62863
62865
62869
62875
62877
62879
62881
62883
62885
62887
62891
62895
62899
62901
62902
62906
62911
62913
62915
62921
62922
62924
62926
62930
62931
62935
62937
62939
62941
62943
62945
62947
62949
62951
62953
62955
62957
62959
62962
62964
62968
62969
62971
62973
62975
62977
62985
62987
62989
62991
62993
62995
62997
62999
63001
63003
63009
63011
63013
63017
63021
63024
63032
63033
63039
63041
63043
63045
63047
63049
63051
63054
63056
63058
63060
63062
63064
63066
63068
63070
63076
63078
63080
63083
63085
63087
63089
63093
63095
63099
63101
63107
63109
63111
63113
63115
63118
63150
63152
63168
63178
63204
63210
63213
63218
63220
63222
63224
63226
63228
63230
63241
63243
63245
63249
63259
63261
63263
63265
63267
63269
63271
63273
63275
63277
63281
63283
63285
63287
63289
63291
63293
63296
63326
63328
63330
63332
63336
63340
63342
63345
63346
63348
63352
63353
63361
63363
63365
63367
63369
63371
63373
63375
63377
63379
63380
63382
63384
63387
63388
63390
63392
63393
63395
63396
63398
63400
63402
63404
63405
63407
63409
63411
63413
63415
63417
63419
63421
63423
63427
63436
63519
63521
63523
63525
63527
63531
63532
63536
63538
63539
63541
63544
63545
63547
63548
63550
63552
63554
63555
63579
63718
63740
63747
63749
63772
63773
63842
64027
64028
64074
64076
64077
64079
64081
64083
64087
64088
64090
64092
64094
64098
64100
64101
64110
64113
64114
64116
64117
64119
64121
64123
64128
64132
64133
64135
64136
64142
64144
64146
64148
64150
64151
64153
64155
64157
64159
64162
64168
64178
64194
64200
64202
64264
64267
64272
64277
64278
64295
64296
64305
64334
64367
64400
64403
64404
64406
64408
64409
64411
64413
64417
64423
64424
64426
64428
64432
64436
64437
64439
64440
64442
64444
64446
64448
64450
64454
64455
64491
64493
64495
64497
64499
64500
64502
64503
64574
64576
64577
64584
64592
64602
64606
64611
64613
64615
64619
64623
64624
64629
64630
64632
64634
64636
64637
64638
64640
64641
64654
64658
64659
64661
64662
64665
64666
64668
64669
64674
64675
64676
64678
64680
64682
64683
64688
64690
64692
64695
64717
64718
64725
64735
64736
64737
64738
64739
64743
64744
64746
64748
64750
64751
64753
64756
64758
64760
64772
64776
64782
64791
64793
64795
64797
64799
64801
64803
64805
64807
64810
64877
64879
64882
64887
64889
64890
64893
64894
64895
64897
64898
64900
64903
64905
64907
64908
64910
64911
64913
64914
64915
64917
64918
64920
64921
64923
64924
64926
64927
64929
64930
64933
64935
64937
64940
64946
64951
64952
64954
64956
64958
64960
64961
64965
64969
64971
64976
64978
64979
64981
64983
64984
64986
64987
64989
64992
64993
64996
64997
64999
65000
65002
65004
65005
65007
65008
65010
65011
65013
65015
65016
65019
65021
65022
65024
65025
65027
65028
65030
65033
65034
65041
65047
65048
65052
65054
65055
65057
65059
65061
65063
65064
65066
65068
65069
65071
65072
65073
65074
65076
65077
65088
65091
65094
65095
65100
65109
65118
65119
65122
65123
65125
65126
65133
65135
65136
65138
65145
65146
65148
65149
65150
65153
65154
65160
65176
65177
65178
65180
65181
65183
65184
65185
65187
65188
65189
65191
65192
65195
65196
65198
65199
65201
65203
65205
65211
65212
65214
65215
65217
65220
65224
65226
65228
65229
65233
65234
65239
65241
65246
65247
65249
65252
65256
65258
65261
65263
65265
65266
65268
65269
65271
65273
65274
65276
65278
65280
65281
65283
65284
65289
65292
65294
65295
65296
65299
65310
65311
65313
65315
65319
65321
65323
65325
65326
65328
65329
65333
65335
65336
65338
65339
65341
65344
65345
65346
65347
65349
65350
65351
65352
65353
65355
65356
65357
65358
65360
65365
65366
65369
65371
65372
65374
65376
65378
65379
65381
65384
65386
65388
65390
65396
65398
65400
65402
65404
65406
65415
65419
65421
65427
65436
65441
65443
65445
65447
65449
65453
65459
65462
65464
65465
65469
65471
65472
65474
65475
65477
65478
65480
65482
65484
65485
65487
65491
65494
65499
65500
65505
65506
65508
65509
65511
65512
65518
65520
65521
65528
65530
65532
65533
65535
65537
65539
65540
65544
65550
65554
65555
65556
65559
65561
65563
65565
65566
65568
65570
65572
65573
65577
65579
65581
65583
65585
65587
65588
65590
65592
65593
65595
65597
65598
65602
65603
65605
65607
65609
65610
65612
65613
65617
65619
65620
65622
65624
65625
65627
65628
65632
65635
65637
65638
65642
65643
65645
65647
65651
65652
65654
65656
65658
65660
65661
65667
65669
65671
65673
65675
65676
65678
65680
65682
65684
65688
65690
65691
65693
65696
65698
65699
65701
65702
65707
65708
65710
65712
65713
65716
65718
65719
65721
65726
65727
65729
65730
65732
65743
65745
65747
65748
65752
65754
65755
65757
65758
65762
65764
65765
65768
65770
65771
65773
65774
65776
65777
65780
65782
65793
65795
65798
65799
65802
65803
65805
65808
65809
65811
65813
65817
65819
65821
65854
65856
65858
65860
65862
65865
65867
65869
65870
65872
65874
65877
65879
65882
65884
65885
65888
65890
65892
65896
65900
65901
65903
65907
65908
65910
65911
65913
65921
65924
65926
65928
65930
65933
65935
65940
65942
65945
65951
65954
65955
65956
65958
65961
65963
65965
65967
65969
65975
65982
65984
65986
65989
65990
65992
65993
65999
66002
66004
66006
66009
66011
66013
66014
66020
66024
66025
66027
66031
66033
66035
66041
66048
66051
66055
66058
66060
66062
66064
66065
66067
66069
66073
66075
66079
66081
66085
66090
66093
66097
66101
66103
66105
66107
66114
66119
66120
66122
66124
66125
66129
66131
66132
66135
66137
66139
66140
66142
66146
66153
66155
66159
66163
66164
66166
66170
66171
66173
66177
66183
66185
66187
66189
66191
66197
66199
66200
66202
66206
66208
66209
66211
66213
66215
66216
66221
66226
66232
66239
66242
66244
66246
66248
66251
66253
66255
66257
66258
66260
66262
66264
66267
66269
66271
66273
66277
66278
66280
66282
66286
66289
66291
66293
66297
66299
66300
66308
66310
66312
66316
66318
66322
66324
66326
66330
66332
66334
66336
66339
66340
66341
66343
66345
66347
66349
66353
66361
66362
66364
66369
66378
66380
66382
66384
66388
66392
66400
66404
66406
66407
66411
66413
66414
66416
66418
66420
66421
66423
66425
66426
66432
66434
66439
66441
66443
66445
66446
66448
66450
66452
66454
66459
66461
66462
66466
66468
66470
66472
66476
66484
66491
66493
66495
66497
66501
66502
66504
66506
66508
66514
66515
66517
66519
66522
66524
66526
66528
66530
66532
66534
66536
66541
66543
66544
66546
66550
66552
66555
66557
66563
66565
66568
66569
66571
66575
66577
66578
66580
66581
66583
66585
66589
66590
66592
66594
66596
66599
66602
66604
66606
66608
66614
66617
66621
66622
66624
66628
66630
66632
66634
66636
66638
66640
66642
66645
66649
66651
66653
66658
66660
66664
66665
66669
66671
66673
66675
66677
66678
66680
66682
66684
66686
66687
66689
66691
66693
66694
66696
66698
66700
66701
66703
66705
66707
66709
66713
66714
66716
66718
66720
66726
66728
66730
66732
66735
66737
66743
66745
66749
66752
66754
66756
66758
66760
66762
66763
66765
66768
66770
66772
66776
66778
66781
66783
66785
66786
66788
66790
66792
66793
66795
66797
66800
66804
66805
66807
66809
66811
66812
66814
66816
66821
66825
66827
66829
66831
66834
66836
66838
66839
66841
66843
66844
66847
66851
66853
66857
66859
66864
66866
66867
66869
66870
66871
66873
66875
66886
66888
66894
66898
66899
66909
66911
66913
66915
66919
66923
66925
66936
66938
66939
66941
66943
66944
66946
66947
66949
66950
66952
66953
66955
66957
66958
66960
66961
66965
66967
66969
66970
66975
66978
66980
66983
66985
66987
66989
66991
66993
66995
66996
66998
67000
67002
67004
67006
67013
67015
67017
67089
67091
67098
67102
67104
67106
67109
67111
67115
67117
67119
67122
67124
67126
67128
67132
67133
67135
67136
67138
67140
67141
67145
67146
67148
67150
67156
67185
67189
67190
67192
67194
67196
67198
67200
67202
67206
67208
67210
67212
67213
67215
67219
67220
67222
67224
67226
67228
67229
67236
67239
67242
67244
67248
67250
67252
67253
67255
67257
67261
67263
67266
67269
67270
67272
67274
67276
67277
67279
67282
67286
67288
67289
67291
67292
67294
67295
67298
67300
67301
67307
67310
67315
67317
67323
67325
67327
67328
67330
67331
67333
67335
67336
67338
67339
67342
67343
67348
67353
67355
67359
67360
67362
67364
67367
67369
67375
67377
67380
67382
67384
67385
67387
67389
67391
67392
67394
67396
67397
67399
67401
67403
67406
67409
67414
67418
67420
67421
67423
67425
67428
67429
67431
67433
67434
67436
67438
67440
67442
67446
67448
67452
67461
67463
67473
67475
67478
67480
67482
67484
67488
67490
67492
67493
67497
67499
67501
67502
67507
67509
67510
67512
67514
67516
67518
67520
67522
67523
67525
67527
67529
67531
67533
67537
67539
67540
67542
67544
67545
67551
67553
67554
67561
67564
67566
67568
67569
67571
67573
67575
67576
67578
67580
67582
67583
67585
67586
67588
67590
67592
67594
67596
67597
67605
67607
67611
67615
67617
67619
67627
67628
67630
67632
67634
67637
67638
67639
67641
67645
67647
67649
67651
67653
67656
67657
67661
67663
67665
67667
67669
67671
67675
67679
67683
67685
67687
67689
67691
67692
67694
67696
67698
67701
67705
67717
67719
67727
67729
67735
67739
67743
67747
67749
67750
67752
67754
67757
67759
67761
67765
67770
67772
67774
67775
67779
68140
68142
68143
68145
68147
68149
68151
68154
68156
68158
68160
68166
68168
68170
68172
68530
68532
68534
68536
68538
68540
68546
68549
68552
68554
68556
68558
68560
68562
68564
68566
68570
68573
68575
68579
68581
68583
68585
68587
68590
68595
68597
68601
68605
68608
68610
68638
68640
68642
68646
68651
68653
68655
68657
68659
68663
68666
68668
68670
68672
68674
68678
68681
68685
68687
