74348
74354
74360
74365
74371
74378
74383
74390
74395
74401
74405
74411
74418
74426
74433
74440
74445
74451
74457
74464
74469
74476
74480
74486
74492
74498
74502
74506
74511
74515
74519
74525
74529
74537
74539
74544
74550
74556
74562
74567
74573
74578
74584
74590
74595
74601
74607
74610
74611
74618
74626
74631
74636
74645
74651
74657
74662
74668
74673
74679
74684
74689
74695
74701
74709
74715
74721
74727
74732
74738
74744
74749
74761
74763
74764
74769
74771
74774
74780
74785
74821
74825
74830
74833
74838
74843
74847
74853
74858
74862
74864
74868
74872
74874
74878
74880
74883
74888
74893
74897
74902
74906
74914
74917
74921
74926
74929
74932
74936
74940
74945
74947
74951
74954
74959
74965
74967
74973
74978
74986
74992
74998
75000
75009
75013
75018
75021
75026
75032
75035
75041
75047
75052
75058
75065
75070
75075
75079
75085
75090
75103
75108
75114
75118
75124
75128
75134
75138
75160
75165
75169
75173
75181
75186
75189
75195
75196
75200
75205
75211
75216
75219
75221
75224
75226
75230
75232
75238
75242
75247
75252
75257
75264
75267
75272
75278
75283
75286
75292
75299
75301
75303
75305
75310
75314
75316
75321
75329
75332
75339
75345
75350
75354
75358
75362
75365
75369
75374
75378
75389
75395
75402
75407
75413
75419
75426
75432
75441
75447
75453
75458
75463
75469
75479
75485
75490
75496
75503
75508
75515
75521
75528
75536
75543
75549
75554
75594
75600
75606
75613
75617
75623
75628
75634
75639
75646
75652
75659
75667
75673
75680
75687
75693
75700
75703
75709
75714
75720
75727
75732
75738
75743
75749
75755
75761
75768
75774
75783
75789
75794
75801
75805
75808
75813
75816
75825
75836
75843
75848
75854
75862
75867
75873
75879
75882
75886
75892
75896
75904
75908
75913
75919
75926
75930
75934
75940
75945
75950
75955
75960
75966
75974
75976
75983
75987
75993
75998
76004
76011
76016
76022
76027
76033
76039
76044
76051
76057
76066
76077
76085
76092
76097
76104
76110
76118
76124
76131
76138
76142
76148
76156
76162
76166
76170
76174
76181
76186
76190
76197
76201
76205
76209
76213
76216
76219
76223
76226
76230
76233
76236
76240
76244
76247
76250
76262
76268
76273
76279
76281
76287
76293
76297
76310
76315
76321
76344
76351
76356
76358
76359
76363
76366
76371
76376
76381
76386
76391
76400
76407
76414
76421
76429
76435
76442
76448
76469
76475
76478
76485
76491
76498
76504
76513
76518
76524
76529
76537
76543
76570
76575
76582
76587
76594
76598
76603
76612
76624
76635
76636
76644
76651
76679
76688
76700
76707
76717
76736
76746
76752
76757
76763
76767
76772
76776
76778
76786
76790
76798
76806
76810
76817
76828
76835
76871
76879
76884
76889
76893
76899
76905
76912
76917
76921
76924
76930
76934
76938
76943
76953
76957
76966
76972
76975
76983
76987
76991
76997
77001
77007
77011
77019
77026
77033
77044
77048
77053
77058
77064
77070
77076
77086
77092
77097
77105
77110
77116
77121
77126
77132
77137
77143
77150
77152
77159
77163
77169
77178
77184
77189
77195
77201
77204
77214
77220
77226
77231
77234
77239
77244
77248
77253
77259
77265
77296
77301
77306
77313
77316
77321
77324
77329
77334
77337
77342
77347
77350
77357
77360
77365
77369
77372
77377
77381
77385
77389
77395
77400
77405
77410
77416
77422
77428
77432
77438
77445
77451
77459
77464
77470
77474
77479
77487
77492
77496
77497
77499
77502
77507
77511
77516
77521
77526
77531
77538
77543
77550
77556
77562
77569
77581
77586
77593
77597
77599
77604
77606
77612
77617
77623
77628
77630
77634
77640
77648
77653
77660
77666
77677
77684
77691
77699
77704
77715
77730
77736
77744
77751
77757
77764
77767
77774
77784
77790
77797
77803
77810
77817
77824
77830
77836
77843
77848
77854
77858
77864
77869
77874
77882
77887
77897
77905
77912
77918
77926
77930
77937
77943
77949
77953
77959
77964
77970
77976
77984
77990
77995
78001
78004
78005
78010
78016
78021
78027
78031
78037
78045
78058
78065
78071
78072
78077
78083
78088
78093
78098
78102
78107
78112
78117
78118
78123
78127
78131
78136
78140
78144
78149
78154
78159
78185
78190
78203
78207
78211
78215
78219
78223
78227
78231
78236
78241
78245
78254
78259
78263
78268
78272
78276
78280
78284
78287
78292
78295
78304
78305
78310
78313
78318
78322
78326
78333
78339
78343
78347
78351
78355
78360
78365
78370
78375
78380
78385
78390
78395
78400
78410
78415
78417
78422
78427
78431
78436
78441
78446
78451
78456
78461
78466
78471
78476
78483
78488
78493
78498
78503
78509
78514
78519
78523
78528
78533
78538
78543
78548
78553
78560
78570
78575
78580
78585
78590
78595
78600
78605
78610
78615
78620
78623
78632
78637
78642
78647
78652
78657
78662
78664
78667
78670
78672
78676
78681
78685
78691
78696
78701
78706
78711
78719
78722
78727
78732
78736
78742
78747
78753
78758
78764
78769
78774
78779
78789
78795
78799
78804
78809
78816
78821
78826
78831
78836
78841
78846
78850
78857
78862
78866
78871
78876
78881
78907
78912
78919
78924
78929
78932
78937
78942
78946
78950
78955
78960
78965
78970
78975
78980
78985
78988
78993
78999
79004
79009
79014
79020
79025
79031
79036
79041
79046
79052
79059
79063
79068
79073
79076
79081
79083
79085
79091
79095
79101
79106
79111
79116
79121
79126
79132
79137
79142
79147
79152
79157
79162
79167
79172
79177
79182
79187
79193
79198
79201
79206
79211
79216
