45538
45540
45542
45544
45546
45548
45551
45553
45555
45557
45559
45561
45563
45565
45567
45569
45571
45573
45575
45577
45579
45581
45583
45586
45589
45592
45595
45598
45601
45607
45616
45617
45620
45622
45626
45628
45630
45632
45635
45641
45643
45646
45648
45650
45653
45655
45658
45660
45663
45665
45668
45670
45681
45683
45685
45687
45689
45692
45695
45697
45700
45701
45703
45705
45707
45710
45713
45714
45715
45717
45719
45721
45724
45726
45728
45730
45746
45749
45750
45753
45755
45757
45759
45761
45766
45768
45771
45773
45775
45776
45778
45780
45784
45788
45790
45795
45797
45800
45802
45804
45807
45812
45814
45816
45818
45820
45822
45825
45827
45829
45831
45833
45835
45838
45841
45843
45845
45848
45851
45853
45855
45858
45860
45862
45864
45867
45869
45871
45873
45875
45877
45879
45881
45884
45905
45909
45912
45915
45918
45920
45924
45931
45933
45936
45938
45940
45942
45944
45946
45952
45956
45958
45960
45962
45964
45966
45971
45976
45978
45981
45983
45985
45987
45991
45994
45996
45998
46001
46003
46006
46009
46011
46014
46016
46018
46020
46022
46026
46027
46030
46033
46036
46039
46040
46043
46045
46048
46050
46052
46054
46092
46094
46097
46099
46101
46102
46104
46106
46109
46112
46118
46120
46122
46124
46126
46127
46129
46130
46133
46135
46137
46139
46140
46141
46143
46145
46147
46150
46153
46159
46165
46167
46169
46170
46173
46175
46177
46181
46183
46193
46195
46197
46200
46207
46211
46213
46215
46217
46219
46225
46228
46230
46241
46310
46324
46341
46353
46356
46360
46362
46367
46369
46383
46388
46389
46392
46394
46396
46398
46399
46401
46404
46406
46407
46409
46411
46413
46415
46418
46420
46422
46423
46425
46428
46430
46432
46434
46438
46442
46449
46451
46453
46455
46457
46460
46462
46464
46468
46469
46472
46474
46475
46478
46480
46482
46485
46487
46489
46492
46494
46498
46500
46502
46505
46507
46510
46512
46514
46516
46518
46521
46523
46525
46527
46529
46531
46533
46536
46538
46540
46542
46544
46546
46549
46551
46554
46556
46558
46559
46561
46563
46564
46567
46572
46574
46576
46584
46591
46593
46595
46597
46599
46601
46602
46604
46605
46607
46610
46611
46613
46615
46616
46618
46620
46621
46623
46624
46626
46628
46631
46633
46635
46638
46640
46642
46646
46648
46650
46660
46665
46667
46670
46673
46676
46684
46687
46689
46692
46694
46696
46698
46700
46702
46704
46707
46710
46712
46714
46716
46718
46721
46724
46726
46729
46731
46733
46736
46745
46747
46750
46752
46754
46756
46763
46765
46768
46770
46772
46774
46777
46807
46820
46823
46825
46827
46831
46834
46838
46852
46855
46858
46861
46863
46865
46867
46869
46872
46874
46876
46878
46879
46881
46883
46885
46887
46890
46892
46893
46895
46896
46898
46899
46901
46903
46905
46908
46909
46911
46913
46916
46918
46921
46924
46949
46953
46955
46957
46959
46962
46964
46966
46968
46970
46972
46974
46977
46982
47012
47016
47025
47039
47042
47044
47053
47058
47061
47066
47070
47076
47082
47120
47125
47135
47146
47210
47214
47218
47235
47236
47238
47241
47244
47246
47247
47249
47250
47253
47254
47255
47256
47257
47259
47260
47261
47262
47263
47536
47538
47568
47573
47574
47575
47577
47580
47591
47594
47596
47601
47603
47610
47612
47629
47634
47660
47662
47665
47667
47670
47672
47674
47676
47679
47682
47685
47686
47688
47692
47694
47706
47708
47710
47712
47713
47716
47718
47719
47730
47733
47735
47738
47785
47788
47790
47792
47795
47797
47799
47801
47830
47833
47835
47836
47838
47840
47843
47846
47859
47861
47862
47865
47866
47868
47870
47873
47874
47876
47878
47879
47882
47883
47891
47893
47895
47897
47898
47900
47943
47947
47951
47952
47969
47973
47990
47992
47994
48043
48064
48070
48072
48074
48075
48077
48084
48092
48094
48095
48097
48116
48120
48140
48141
48143
48144
48145
48146
48148
48179
48181
48182
48184
48186
48188
48190
48276
48280
48282
48347
48366
48368
48370
48372
48380
48383
48411
48461
48463
48465
48466
48468
48471
48472
48474
48476
48478
48482
48484
48487
48488
48490
48492
48494
48495
48512
48514
48515
48517
48518
48520
48521
48522
48524
48525
48527
48532
48534
48536
48539
48904
48906
48909
48929
48931
48932
48934
48937
48939
48940
48941
48943
48945
48947
48950
48953
48956
48959
48961
48963
48964
48966
48968
48970
48972
48975
48978
49225
49227
49229
49231
49233
49236
49238
49240
49241
49243
49245
49246
49249
49251
49255
49257
49259
49262
49263
49283
49284
49287
49290
49293
49295
49298
49301
49303
49304
49308
49310
49333
49336
49339
49341
49344
49346
49358
49360
49362
49366
49369
49372
49375
49388
49393
49395
49396
49398
49401
49403
49407
49409
49411
49413
49415
49417
49420
49425
49427
49429
49431
49435
49437
49441
49447
49450
49452
49455
49457
49459
49461
49464
49474
49478
49489
49493
49495
49497
49500
49504
49515
49516
49518
49522
49581
49584
49586
49588
49591
49593
49596
49598
49601
49604
49606
49608
49609
49613
49617
49619
49621
49624
49627
49629
49631
49634
49636
49640
49643
49658
49661
49663
49667
49669
49670
49672
49674
49677
49685
49693
49696
49699
49701
49703
49706
49708
49709
49710
49712
49715
49716
49722
49725
49728
49731
49733
49737
49740
49741
49743
49745
49749
49755
49757
49759
49764
49770
49773
49775
49780
49783
49787
49790
49792
49795
49798
49801
49803
49805
49808
49810
49813
49815
49818
49821
49824
49826
49831
49833
49850
49853
49858
49860
49863
49866
49870
49872
49897
49900
49901
49902
49906
49908
49911
49914
49932
49942
49945
49948
49951
49954
49958
49959
49980
49983
49986
49989
49991
49995
50002
50012
50016
50018
50021
50023
50026
50028
50030
50032
50035
50037
50038
50041
50043
50046
50049
50053
50055
50057
50061
50064
50068
50069
50071
50072
50073
50075
50078
50080
50082
50086
50088
50115
50159
50162
50164
50166
50175
50198
50204
50207
50209
50211
50216
50218
50221
50225
50227
50230
50232
50236
50238
50241
50244
50247
50249
50253
50255
50258
50263
50273
50292
50317
50321
50323
50325
50328
50330
50331
50335
50337
50339
50340
50344
50346
50348
50351
50355
50359
50361
50365
50377
50379
50383
50386
50388
50390
50391
50392
50394
50396
50397
50398
50399
50400
50402
50405
50407
50411
50416
50426
50429
50434
50435
50436
50437
50440
50443
50451
50453
50457
50459
50461
50610
50626
50634
50635
50638
50641
50645
50648
50650
50653
50654
50658
50661
50663
50666
50669
50671
50675
50677
50679
50685
50687
50689
50692
50695
50698
50700
50709
50724
50729
50731
50736
50738
50740
50744
50746
50749
50753
50756
50761
50764
50767
50771
50776
50779
50782
50785
50789
50792
50796
50821
50824
50826
50829
50832
50834
50837
50839
50843
50848
50850
50854
50859
50861
50863
50867
50869
50872
50874
50877
50878
50880
50882
50884
50887
50889
50891
50897
50901
50914
50937
50941
50943
50947
50949
50955
50958
50960
50964
50967
50969
50972
50976
50978
50981
50986
50990
50993
50995
50999
51002
51003
51005
51007
51009
51011
51013
51014
51017
51019
51024
51025
51033
51037
51039
51040
51050
51052
51055
51057
51061
51063
51067
51070
51072
51077
51079
51083
51085
51088
51092
51094
51097
51101
51104
51107
51110
51113
51116
51118
51122
51124
51127
51130
51132
51133
51136
51138
51140
51144
51146
51149
51152
51154
51156
51158
51160
51162
51163
51165
51166
51168
51169
51172
51174
51175
51177
51179
51199
51207
51216
51222
51223
51225
51226
51228
51230
51232
51234
51235
51237
51238
51241
51242
51245
51246
51251
51252
51254
51256
51257
51260
51261
51263
51264
51266
51268
51271
51273
51274
51276
51278
51285
51290
51292
51295
51299
51301
51305
51312
51315
51320
51323
51326
51327
51330
51332
51334
51336
51337
51339
51341
51343
51345
51348
51354
51358
51359
51362
51367
51370
51373
51375
51379
51384
51387
51390
51393
51396
51399
51403
51406
51409
51411
51413
51415
51423
51435
51441
51443
51445
51447
51449
51451
51452
51455
51456
51460
51463
51471
51474
51477
51480
51483
51485
51488
51493
51497
51499
51503
51506
51511
51514
51529
51531
51536
51538
51541
51544
51547
51549
51550
51552
51553
51555
51558
51559
51561
51564
51566
51568
51569
51572
51574
51576
51578
51580
51582
51584
51586
51588
51591
51594
51596
51598
51600
51603
51605
51607
51609
51614
51616
51630
51632
51634
51636
51638
51641
51645
51648
51657
51669
51672
51684
51686
51690
51692
51695
51697
51700
51702
51704
51705
51708
51710
51715
51717
51720
51722
51724
51727
51729
51731
51733
51736
51740
51742
51745
51747
51751
51755
51757
51761
51763
51768
51771
51773
51776
51778
51780
51784
51786
51789
51792
51794
51797
51800
51803
51806
51810
51813
51815
51820
51825
51828
51834
51835
51838
51840
51842
51844
51846
51848
51850
51853
51855
51857
51859
51861
51863
51865
51868
51870
51872
51876
51879
51881
51883
51885
51886
51889
51892
51896
51897
51899
51901
51903
51905
51906
51908
51909
51912
51914
51916
51917
51919
51921
51923
51924
51926
51929
51931
51933
51934
51938
51941
51943
51964
51965
51967
51969
51971
51975
51977
51979
51983
51984
51986
51988
51989
51991
51993
51994
51997
51999
52001
52002
52004
52006
52007
52009
52011
52013
52015
52017
52019
52021
52023
52025
52026
52028
52031
52032
52034
52038
52041
52043
52044
52046
52048
52051
52053
52055
52057
52059
52062
52064
52066
52068
52071
52073
52075
52077
52079
52081
52083
52085
52087
52089
52092
52096
52098
52103
52105
52108
52112
52114
52116
52119
52123
52125
52128
52131
52133
52136
52139
52142
52145
52147
52149
52151
52155
52157
52159
52162
52164
52166
52169
52171
52174
52178
52179
52182
52184
52186
52187
52189
52191
52193
52195
52197
52199
52201
52202
52204
52206
52208
52209
52212
52216
52220
52240
52242
52244
52246
52247
52250
52252
52254
52256
52258
52260
52261
52263
52265
52268
52269
52271
52273
52274
52276
52278
52280
52282
52284
52285
52287
52288
52290
52292
52293
52295
52297
52298
52301
52302
52305
52307
52309
52312
52314
52316
52319
52321
52323
52326
52328
52330
52332
52335
52337
52338
52340
52341
52343
52345
52347
52350
52353
52356
52359
52361
52363
52365
52366
52368
52370
52371
52376
52377
52393
52395
52397
52399
52401
52403
52404
52406
52408
52409
52411
52413
52414
52417
52419
52421
52423
52425
52426
52428
52430
52433
52435
52437
52439
52441
52442
52444
52447
52449
52451
52453
52455
52456
52458
52460
52463
52465
52467
52469
52471
52473
52475
52478
52479
52481
52483
52485
52487
52489
52491
52493
52495
52497
52499
52502
52504
52506
52509
52511
52513
52515
52517
52518
52521
52523
52526
52528
52530
52532
52533
52535
52537
52539
52542
52545
52547
52550
52553
52555
52557
52563
52565
52568
52570
52573
52575
52578
52580
52583
52585
52587
52590
52592
52596
52599
52601
52603
52605
52608
52610
52612
52615
52617
52619
52621
52623
52626
52628
52629
52631
52634
52636
52638
52640
52642
52644
52646
52649
52652
52654
52656
52659
52662
52664
52666
52668
52671
52673
52676
52678
52679
52681
52685
52687
52689
52705
52707
52710
52712
52713
52715
52717
52719
52721
52725
52732
52733
52735
52737
52739
52741
52742
52750
52752
52754
52756
52758
52759
52761
52764
52767
52769
52771
52772
52774
52776
52779
52781
52783
52784
52786
52788
52790
52799
52824
52826
52827
52829
52831
52832
52835
52837
52838
52840
52843
52845
52848
52850
52853
52917
52920
52922
52924
52928
52930
52932
52934
52935
52937
52938
52941
52943
52945
52947
52949
52950
52952
52954
52956
52959
52961
52963
52965
52967
52969
52971
52972
52975
52977
52979
52981
52983
52985
52987
52989
52992
52994
52996
52998
53000
53003
53005
53007
53008
53009
53014
53016
53019
53021
53023
53025
53027
53028
53031
53032
53034
53037
53039
53041
53042
53044
53045
53047
53049
53050
53052
53054
53055
53057
53059
53060
53062
53064
53066
53068
53070
53072
53075
53077
53079
53080
53082
53084
53085
53087
53089
53091
53093
53094
53097
53099
53100
53102
53103
53105
53107
53109
53110
53112
53113
53116
53118
53119
53121
53122
53124
53126
53127
53129
53131
53134
53135
53136
53139
53140
53144
53148
53150
53151
53153
53154
53156
53158
53159
53161
53162
53164
53166
53169
53171
53173
53175
53177
53179
53181
53212
53214
53216
53218
53220
53223
53224
53226
53229
53230
53232
53234
53235
53237
53238
53240
53241
53243
53245
53246
53248
53249
53251
53253
53254
53256
53257
53259
53261
53262
53264
53265
53267
53269
53270
53272
53274
53275
53277
53279
53280
53282
53284
53285
53287
53288
53290
53292
53293
53295
53297
53298
53300
53302
53303
53305
53306
53308
53350
53352
53353
53355
53356
53358
53359
53361
53363
53365
53367
53368
53371
53373
53374
53376
53378
53379
53381
53383
53384
53408
53410
53412
53413
53415
53417
53418
53420
53422
53423
53425
53427
53428
53431
53433
53434
53436
53438
53439
53441
53443
53445
53446
53448
53450
53451
53453
53455
53456
53458
53460
53461
53463
53465
53467
53469
53471
53472
53474
53476
53477
53479
53481
53482
53484
53486
53489
53490
53492
53493
53495
53497
53498
53500
53502
53503
53505
53507
53510
53512
53514
53516
53517
53519
53520
53522
53523
53525
53527
53528
53531
53533
53534
53536
53537
53539
53541
53543
53545
53547
53548
53550
53552
53553
53555
53557
53559
53561
53563
53565
53568
53570
53571
53573
53575
53576
53578
53580
53581
53583
53584
53586
53588
53589
53592
53594
53595
53597
53600
53601
53603
53605
53607
53608
53610
53612
53613
53615
53617
53618
53620
53622
53623
53625
53627
53628
53631
53633
53635
53637
53639
53641
53642
53644
53646
53647
53649
53651
53654
53656
53657
53660
53662
53664
53665
53667
53669
53670
53672
53674
53675
53677
53679
53680
53682
53683
53685
53687
53688
53690
53692
53693
53695
53696
53698
53700
53701
53703
53704
53706
53707
53708
53710
53712
53714
53715
53718
53719
53721
53722
53724
53726
53728
53730
53732
53734
53736
53739
53741
53743
53745
53747
53749
53751
53753
53755
53756
53758
53760
53762
53764
53766
53768
53770
53772
53773
53777
53779
53781
53783
53785
53787
53804
53806
53808
53809
53811
53813
53814
53817
53818
53819
53820
53822
53823
53825
53826
53828
53830
53832
53834
53836
53854
53856
53857
53859
53860
53862
53863
53865
53866
53868
53869
53900
53901
53903
53904
53905
53907
53909
53910
53912
53914
53916
53917
53919
53924
53926
53927
53928
53930
53932
53933
53935
53937
53938
53940
53942
53943
53945
53948
53950
53952
53953
53955
53957
53958
53960
53963
53964
53966
53968
53969
53971
53973
53974
53976
53977
53980
53983
53986
53988
53997
53999
54001
54003
54005
54007
54027
54029
54031
54033
54034
54036
54037
54039
54041
54043
54045
54047
54049
54050
54052
54053
54054
54056
54057
54059
54060
54062
54063
54065
54066
54088
54089
54091
54093
54094
54096
54097
54099
54100
54102
54103
54105
54107
54108
54110
54111
54113
54115
54116
54118
54119
54121
54123
54124
54125
54127
54129
54131
54133
54135
54136
54138
54140
54142
54144
54146
54150
54152
54154
54156
54158
54161
54163
54165
54167
54169
54171
54173
54175
54177
54179
54181
54182
54184
54186
54188
54189
54191
54193
54194
54196
54198
54199
54201
54202
54204
54205
54207
54209
54210
54212
54213
54215
54217
54218
54220
54222
54224
54226
54228
54229
54231
