38233
38241
38242
38244
38249
38251
38252
38253
38255
38257
38258
38260
38261
38263
38264
38265
38285
38287
38289
38290
38292
38293
38294
38296
38298
38299
38329
38331
38332
38363
38365
38391
38397
38398
38400
38402
38403
38404
38406
38407
38410
38421
38423
38424
38426
38427
38429
38431
38432
38435
38438
38440
38442
38443
38445
38447
38448
38450
38451
38461
38463
38465
38466
38467
38470
38472
38474
38475
38477
38478
38480
38481
38485
38486
38488
38489
38491
38492
38493
38495
38496
38500
38502
38503
38504
38506
38511
38512
38515
38517
38518
38519
38520
38521
38523
38524
38526
38527
38529
38533
38534
38536
38537
38539
38540
38542
38543
38546
38548
38549
38551
38552
38554
38555
38557
38558
38560
38562
38569
38571
38572
38574
38575
38577
38578
38581
38582
38583
38585
38586
38588
38589
38590
38592
38593
38596
38597
38599
38600
38601
38603
38604
38606
38607
38610
38611
38612
38614
38615
38617
38618
38620
38621
38623
38625
38626
38628
38629
38631
38632
38634
38635
38636
38639
38640
38641
38643
38645
38646
38647
38649
38650
38652
38654
38656
38658
38659
38661
38663
38664
38665
38667
38668
38671
38672
38674
38685
38687
38688
38690
38691
38692
38695
38696
38697
38699
38700
38702
38703
38711
38712
38716
38717
38719
38720
38722
38723
38724
38726
38727
38738
38739
38741
38742
38744
38745
38747
38748
38750
38752
38753
38755
38756
38757
38759
38760
38762
38765
38766
38770
38771
38773
38774
38780
38783
38784
38787
38788
38790
38791
38793
38795
38796
38799
38800
38801
38803
38805
38806
38807
38809
38810
38813
38814
38823
38824
38826
38827
38829
38830
38833
38834
38835
38837
38838
38840
38841
38843
38844
38847
38849
38850
38852
38853
38855
38856
38869
38899
38900
38902
38903
38905
38906
38908
38909
38913
38917
38918
38925
38926
38928
38929
38931
38932
38934
38936
38938
38940
38941
38943
38944
38946
38947
38949
38951
38953
38954
38955
38957
38958
38960
38961
38962
38965
38966
38968
38969
38971
38972
38974
38975
38977
38978
38980
38982
38983
38985
38986
38988
38989
38990
38992
38994
38996
38997
38999
39000
39001
39003
39004
39006
39008
39015
39021
39022
39025
39028
39030
39031
39033
39034
39036
39037
39038
39040
39042
39044
39045
39047
39048
39049
39051
39052
39054
39056
39057
39059
39060
39062
39063
39065
39066
39067
39069
39071
39072
39074
39076
39078
39079
39080
39082
39083
39085
39086
39087
39090
39091
39095
39099
39101
39102
39104
39105
39106
39108
39109
39111
39112
39114
39116
39117
39119
39120
39122
39124
39125
39127
39128
39131
39133
39134
39144
39147
39150
39151
39153
39154
39155
39157
39158
39159
39161
39168
39169
39180
39181
39182
39184
39196
39197
39199
39204
39205
39207
39209
39211
39212
39214
39215
39217
39218
39220
39221
39223
39225
39227
39228
39229
39231
39232
39234
39235
39237
39238
39240
39242
39244
39246
39247
39249
39250
39254
39255
39257
39259
39260
39262
39263
39265
39266
39273
39307
39313
39319
39321
39324
39327
39331
39339
39341
39342
39345
39349
39351
39357
39360
39362
39364
39365
39369
39372
39373
39377
39379
39381
39382
39384
39387
39389
39391
39393
39395
39398
39400
39410
39420
39425
39427
39430
39432
39438
39442
39453
39456
39458
39460
39462
39464
39466
39469
39564
39565
39567
39569
39570
39573
39575
39580
39581
39583
39586
39589
39590
39603
39609
39617
39620
39623
39625
39627
39629
39631
39633
39636
39638
39640
39642
39644
39647
39649
39652
39662
39669
39671
39673
39675
39677
39680
39682
39683
39685
39689
39700
39702
39705
39707
39711
39712
39713
39717
39718
39723
39725
39726
39727
39728
39729
39757
39760
39762
39763
39765
39772
39774
39775
40098
40111
40119
40150
40152
40154
40155
40157
40160
40161
40167
40169
40171
40177
40179
40189
40191
40195
40197
40199
40205
40206
40213
40216
40218
40220
40221
40223
40225
40227
40229
40231
40233
40238
40453
40473
40475
40478
40480
40483
40494
40507
40509
40516
40530
40545
40553
40555
40591
40594
40603
40606
40608
40616
40618
40623
40647
40649
40653
40655
40657
40659
40660
40663
40664
40666
40668
40669
40672
40675
40676
40677
40678
40681
40682
40684
40686
40688
40690
40691
40695
40697
40698
40705
40706
40707
40709
40710
40712
40713
40714
40716
40717
40718
40719
40721
40722
40741
40751
40753
40756
40758
40762
40763
40765
40766
40768
40770
40772
40775
40777
40780
40783
40784
40786
40788
40790
40793
40795
40799
40803
40804
40805
40808
40809
40841
40848
40859
40867
40870
40872
40879
40880
40884
40908
40910
40912
40913
40916
40917
40920
40922
40924
40926
40930
40944
40957
40959
40962
40964
40966
40967
40969
41005
41009
41014
41089
41092
41094
41096
41161
41164
41166
41168
41171
41173
41175
41177
41192
41194
41196
41198
41201
41203
41204
41206
41208
41209
41212
41214
41215
41217
41222
41224
41226
41228
41231
41233
41234
41237
41247
41249
41251
41252
41254
41257
41259
41261
41262
41265
41268
41270
41279
41281
41283
41285
41287
41289
41292
41295
41298
41301
41303
41305
41308
41310
41313
41314
41316
41318
41320
41321
41350
41352
41353
41355
41365
41367
41369
41370
41373
41374
41376
41377
41381
41384
41385
41388
41390
41391
41393
41395
41397
41399
41400
41402
41403
41404
41406
41408
41410
41411
41416
41417
41418
41421
41423
41424
41426
41428
41429
41430
41431
41433
41434
41435
41437
41439
41440
41441
41442
41444
41445
41446
41449
41450
41452
41453
41455
41469
41481
41482
41483
41484
41486
41487
41488
41489
41491
41492
41494
41496
41498
41524
41528
41534
41536
41538
41540
41543
41546
41548
41550
41552
41555
41557
41560
41563
41567
41569
41578
41580
41582
41584
41586
41591
41597
41605
41608
41610
41612
41614
41626
41628
41630
41631
41632
41633
41634
41635
41661
41662
41665
41666
41673
41675
41677
41679
41684
41687
41690
41691
41692
41694
41696
41697
41699
41702
41703
41706
41711
41712
41714
41715
41717
41719
41722
41724
41727
41729
41731
41733
41737
41740
41742
41744
41769
41780
41781
41784
41787
41789
41803
41808
41810
41812
41815
41822
41826
41828
41830
41835
41836
41839
41842
41844
41845
41847
41850
41852
41854
41870
41886
41899
41913
41937
41939
41940
41944
41947
41950
41952
41971
41973
41975
41977
41980
41982
41984
41986
41988
41991
41993
41995
41996
41998
42001
42003
42005
42020
42032
42035
42038
42042
42045
42047
42050
42053
42056
42059
42062
42064
42066
42069
42072
42074
42076
42086
42088
42090
42091
42096
42102
42109
42111
42114
42116
42117
42119
42121
42129
42132
42135
42137
42161
42174
42178
42181
42185
42187
42190
42198
42208
42264
42320
42323
42326
42359
42362
42365
42369
42373
42376
42379
42381
42407
42412
42415
42417
42420
42425
42451
42453
42455
42456
42458
42460
42462
42464
42467
42469
42473
42475
42477
42482
42494
42497
42500
42502
42504
42515
42518
42521
42523
42526
42528
42530
42533
42536
42541
42543
42545
42547
42550
42554
42577
42580
42585
42588
42592
42594
42597
42602
42606
42609
42612
42616
42623
42625
42628
42631
42634
42638
42640
42643
42646
42649
42652
42655
42658
42661
42668
42671
42676
42679
42682
42686
42689
42692
42695
42698
42750
42753
42756
42758
42765
42771
42777
42781
42785
42792
42796
42799
42804
42810
42811
42813
42815
42819
42821
42825
42829
42831
42835
42838
42842
42851
42856
42860
42863
42866
42889
42893
42897
42900
42906
42909
42912
42922
42926
42932
42936
42941
42944
42950
42954
42959
42962
42964
42967
42971
42973
42976
42983
42986
42990
42994
42997
43003
43007
43010
43015
43019
43022
43026
43031
43034
43040
43046
43050
43059
43062
43066
43069
43073
43078
43081
43086
43091
43098
43101
43105
43108
43112
43115
43118
43122
43128
43132
43140
43144
43148
43155
43158
43161
43164
43169
43173
43176
43180
43183
43185
43191
43199
43219
43222
43226
43229
43234
43237
43240
43242
43245
43250
43253
43256
43258
43262
43265
43269
43271
43274
43282
43285
43288
43316
43321
43325
43328
43333
43336
43343
43347
43350
43353
43359
43362
43366
43372
43376
43379
43385
43390
43396
43442
43450
43457
43462
43466
43472
43476
43480
43487
43491
43495
43508
43512
43516
43521
43525
43534
43540
43546
43551
43555
43563
43568
43574
43584
43587
43591
43596
43600
43606
43610
43612
43615
43620
43624
43627
43629
43632
43634
43639
43646
43649
43653
43657
43663
43666
43669
43673
43678
43681
43689
43692
43695
43698
43701
43705
43710
43713
43716
43719
43722
43725
43728
43731
43734
43737
43741
43743
43745
43748
43751
43758
43760
43764
43769
43773
43776
43778
43782
43787
43796
43800
43806
43812
43817
43823
43826
43831
43834
43837
43842
43846
43849
43852
43855
43860
43866
43869
43872
43875
43878
43882
43885
43888
43890
43893
43899
43902
43905
43911
43922
43925
43930
43932
43936
43940
43959
43964
43969
43974
43978
43981
43984
43987
43991
43999
44003
44007
44010
44013
44016
44018
44020
44025
44029
44037
44040
44042
44045
44049
44053
44056
44060
44064
44072
44075
44078
44081
44083
44087
44089
44098
44105
44107
44108
44109
44112
44115
44118
44121
44124
44129
44137
44141
44146
44149
44152
44156
44159
44165
44169
44174
44177
44182
44184
44188
44193
44195
44199
44203
44207
44211
44214
44218
44221
44225
44228
44234
44241
44266
44268
44271
44274
44277
44281
44285
44289
44293
44296
44298
44304
44307
44311
44315
44322
44328
44334
44338
44340
44344
44348
44353
44356
44358
44361
44364
44367
44372
44375
44378
44383
44385
44391
44395
44400
44404
44407
44412
44415
44419
44421
44423
44426
44428
44431
44434
44437
44440
44443
44446
44450
44454
44461
44473
44477
44480
44482
44485
44487
44491
44493
44497
44499
44502
44513
44529
44532
44535
44539
44544
44556
44560
44564
44566
44568
44571
44574
44577
44580
44583
44585
44588
44596
44598
44602
44605
44608
44611
44614
44617
44620
44623
44634
44637
44640
44644
44648
44653
44656
44658
44662
44664
44666
44670
44675
44778
44782
44855
44860
44864
44866
44869
44871
44873
44879
44883
44885
44888
44892
44894
44897
44899
44901
44904
44925
44952
44963
44966
44968
44971
44978
44985
44989
44992
44994
45000
45006
45008
45012
45015
45018
45021
45024
45030
45034
45037
45040
45044
45046
45050
45054
45058
45061
45065
45069
45071
45098
45102
45105
45108
45110
45112
45116
45126
45128
45130
45132
45134
45137
45138
45140
45142
45145
45147
45150
45165
45168
45169
45172
45173
45174
45176
45177
45179
45181
45183
45185
45188
45191
45193
45196
45197
45199
45202
45210
45212
45214
45218
45222
45225
45227
45229
45232
45234
45238
45243
45246
45248
45250
45252
45254
45256
45259
45261
45263
45265
45267
45269
45271
45274
45275
45279
45281
45283
45285
45287
45290
45291
45294
45295
45326
45330
45332
45334
45338
45342
45349
45352
45354
45356
45358
45361
45363
45367
45371
45373
45374
45377
45379
45381
45383
45385
45388
45389
45391
45393
45395
45397
45399
45400
45403
45405
45408
45410
45412
45414
45416
45418
45419
45422
45424
45426
45430
45431
45433
45435
