79221
79226
79231
79236
79241
79251
79256
79261
79270
79275
79280
79285
79290
79296
79306
79311
79316
79326
79331
79336
79342
79347
79352
79357
79362
79377
79382
79387
79392
79397
79402
79407
79417
79422
79427
79432
79436
79438
79443
79448
79453
79458
79466
79471
79476
79486
79489
79494
79505
79510
79515
79520
79530
79535
79540
79546
79551
79556
79563
79568
79572
79576
79587
79597
79602
79612
79617
79622
79627
79661
79662
79667
79672
79682
79687
79692
79698
79708
79713
79718
79724
79729
79733
79738
79743
79753
79763
79768
79773
79778
79783
79788
79794
79799
79804
79809
79814
79819
79824
79829
79834
79839
79844
79849
79854
79859
79864
79872
79876
79881
79887
79893
79900
79905
79910
79915
79920
79925
79930
79946
79951
79957
79967
79991
79996
80001
80007
80027
80033
80053
80072
80082
80087
80097
80101
80106
80158
80163
80183
80198
80203
80208
80213
80235
80250
80251
80256
80261
80266
80276
80281
80296
80301
80306
80317
80323
80343
80348
80358
80365
80379
80389
80400
80405
80410
80415
80424
80434
80456
80460
80469
80473
80476
80481
80486
80511
80530
80535
80540
80555
80573
80578
80593
80598
80608
80611
80615
80619
80637
80647
80652
80661
80674
80679
80684
80689
80694
80704
80709
80723
80727
80731
80734
80735
80740
80744
80753
80758
80763
80768
80773
80783
80793
80799
80804
80809
80814
80818
80823
80828
80833
80838
80843
80848
80853
80858
80863
80868
80872
80877
80880
80894
80898
80903
80916
80918
80923
80932
80934
80937
80941
80944
80951
80954
80957
80961
80964
80969
80972
80981
80986
81011
81017
81021
81028
81033
81047
81052
81068
81072
81082
81093
81098
81103
81108
81129
81131
81152
81157
81162
81167
81172
81177
81185
81191
81200
81205
81211
81216
81221
81226
81236
81241
81246
81251
81261
81266
81273
81278
81288
81307
81312
81317
81322
81327
81337
81342
81347
81353
81364
81375
81380
81385
81389
81393
81397
81405
81409
81418
81423
81428
81432
81437
81442
81447
81461
81465
81469
81477
81482
81486
81491
81499
81504
81509
81514
81519
81523
81526
81529
81534
81539
81564
81570
81575
81580
81585
81590
81595
81605
81610
81615
81620
81625
81630
81636
81642
81647
81652
81657
81662
81667
81672
81681
81686
81691
81696
81701
81706
81708
81713
81718
81723
81733
81748
81753
81758
81763
81768
81773
81778
81802
81807
81812
81816
81820
81826
81829
81834
81842
81847
81851
81856
81860
81865
81877
81881
81885
81889
81897
81908
81910
81915
81920
81925
81941
81947
81954
81959
81969
81974
81979
81984
81989
81994
81999
82004
82009
82014
82019
82029
82038
82048
82052
82059
82063
82068
82072
82076
82081
82086
82091
82096
82100
82105
82115
82125
82130
82132
82137
82139
82142
82144
82148
82151
82153
82155
82158
82162
82167
82173
82192
82196
82199
82201
82206
82213
82215
82218
82220
82223
82226
82229
82231
82234
82236
82237
82239
82245
82250
82251
82254
82256
82261
82263
82265
82270
82272
82274
82277
82279
82280
82281
82283
82285
82288
82290
82292
82294
82298
82300
82303
82305
82307
82309
82312
82315
82317
82319
82321
82324
82327
82329
82331
82333
82338
82340
82343
82346
82348
82350
82352
82354
82356
82358
82360
82362
82364
82366
82368
82373
82375
82377
82379
82381
82387
82389
82398
82400
82402
82404
82406
82409
82412
82415
82417
82419
82421
82423
82426
82428
82432
82434
82437
82443
82446
82448
82457
82472
82474
82476
82481
82483
82486
82492
82494
82496
82498
82502
82506
82511
82532
82534
82539
82542
82545
82549
82553
82555
82559
82561
82563
82566
82567
82569
82575
82577
82579
82581
82586
82588
82590
82592
82594
82597
82599
82601
82604
82621
82623
82626
82628
82630
82635
82637
82646
82651
82654
82656
82658
82659
82660
82661
82662
82663
82664
82665
82666
82669
82670
82672
82674
82675
82676
82679
82680
82682
82683
82686
82687
82688
82689
82690
82695
82696
82698
82699
82700
82702
82706
82707
82708
82709
82710
82711
82712
82715
82717
82718
82720
82721
82723
82725
82726
82727
82729
82730
82732
82733
82734
82735
82736
82737
82738
82742
82743
82744
82745
82749
82750
82753
82756
82758
82759
82760
82761
82762
82765
82766
82768
82769
82770
82773
82774
82776
82777
82781
82782
82783
82786
82787
82788
82790
82793
82794
82795
82798
82800
82802
82805
82806
82807
82808
82809
82810
82811
82812
82813
82814
82816
82817
82818
82819
82823
82824
82826
82827
82828
82829
82830
82831
82832
82833
82834
82835
82836
82843
82844
82853
82854
82855
82856
82857
82858
82859
82862
82863
82865
82867
82869
82870
82872
82874
82875
82876
82878
82879
82881
82882
82883
82884
82886
82888
82889
82895
82896
82897
82900
82901
82903
82908
82909
82910
82911
82912
82913
82914
82915
82916
82918
82922
82925
82929
82930
82932
82934
82935
82936
82938
82940
82941
82942
82943
82946
82947
82948
82951
82952
82953
82954
82955
82957
82958
82962
82965
82966
82968
82969
82971
82972
82973
82974
82975
82976
82977
82979
82980
82981
82982
82983
82984
83003
83011
83013
83015
83017
83018
83020
83021
83022
83023
83024
83027
83028
83029
83031
83032
83033
83034
83035
83037
83038
83039
83040
83041
83043
83044
83045
83046
83047
83049
83050
83053
83054
83055
83056
83057
83058
83059
83060
83061
83062
83063
83066
83068
83071
83073
83076
